% Graph du problème hosts hackers.

n 0 0 0
n 1 1 1
n 2 2 2
n 3 3 3
n 4 4 4
n 5 5 5
n 6 6 6
n 7 7 7
n 8 8 8
n 9 9 9
n 10 10 10
n 0 0 11
n 0 0 12

e 4 0 1 1
e 4 1 1 1
e 4 2 1 1
e 4 3 1 1
e 5 0 1 1
e 5 1 1 1
e 5 2 1 1
e 5 3 1 1
e 6 0 1 1
e 6 1 1 1
e 6 2 1 1
e 6 3 1 1
e 7 0 1 1
e 7 1 1 1
e 7 2 1 1
e 7 3 1 1
e 8 0 1 1
e 8 1 1 1
e 8 2 1 1
e 8 3 1 1
e 9 0 1 1
e 9 1 1 1
e 9 2 1 1
e 9 3 1 1
e 10 0 1 1
e 10 1 1 1
e 10 2 1 1
e 10 3 1 1
e 11 4 1 1
e 11 5 1 1
e 11 6 1 1
e 11 7 1 1
e 11 8 1 1
e 11 9 1 1
e 11 10 1 1
e 0 12 1 1
e 1 12 2 2
e 2 12 3 3
e 3 12 1 1

% End of graph
