% Graph saved at Wed Nov 30 2022 10:55:56 GMT+0100 (heure normale d’Europe centrale)
n 101.67720166942742 209.22329356369463 0
n 241 300 1
n 241 100 2
n 382 200 3
n 175.88606242892106 439.8058178355393 4
n 351.99365736562993 358.4951382238888 5
n 510.379733314997 294.17474987437424 6
n 431.74049280866797 114.56309938893735 7
n 458.3227712896806 396.1164974471898 8
n 575.7278345808198 169.17474987437424 9
n 677.626568758035 294.17474987437424 10
e 0 1 0 2
e 0 2 1 9
e 1 2 2 3
e 2 3 3 5
e 1 3 4 7
e 0 4 5 12
e 4 1 6 8
e 1 5 7 10
e 5 3 8 14
e 4 5 9 15
e 5 6 10 7
e 3 6 11 12
e 2 7 12 14
e 3 7 13 6
e 7 6 14 6
e 3 8 15 10
e 4 8 16 16
e 7 9 17 8
e 3 9 18 11
e 6 9 19 10
e 6 10 20 10
e 9 10 21 12
e 8 10 22 8
e 3 4 23 11