% Graph saved at Wed Dec 14 2022 08:35:18 GMT+0100 (heure normale d’Europe centrale)
n -24.588608439964585 291.74756540835483 0
n 109.43038312694695 441.019410068549 1
n 235.69620591175706 454.3689246316558 2
n 339.8101130618325 517.4757207481606 3
n 335.379733314997 436.1650411365102 4
n 474.9366953403135 434.9514489035005 5
n 447.246821922592 356.06795375786936 6
n 441.70884723904766 258.9805751170927 7
n 509.27213837828816 159.46601201029657 8
n 361.9620117960097 144.90290521418007 9
n 229.0506362915039 205.5825168646655 10
n 192.5000033801115 362.1359149229179 11
n 320.98099913778185 339.0776624957335 12
n 592.3417586314528 55.09707997146162 13
n 711.9620117960096 297.81552657340336 15
e 0 1 7
e 0 2 8
e 0 3 9
e 0 4 10
e 0 11 11
e 0 10 12
e 0 12 13
e 0 5 14
e 0 6 15
e 0 7 16
e 0 9 17
e 0 8 18
e 0 13 19
e 1 15 21
e 2 15 22
e 3 15 23
e 5 15 24
e 4 15 25
e 11 15 26
e 6 15 27
e 12 15 28
e 7 15 29
e 10 15 30
e 8 15 31
e 9 15 32
e 13 15 33
e 10 9 34
e 10 7 35
e 10 12 36
e 10 11 37
e 11 1 38
e 11 2 39
e 11 12 40
e 12 4 41
e 4 2 42
e 4 3 43
e 4 5 44
e 1 11 45
e 2 11 46
e 2 4 47
e 3 4 48
e 3 2 49
e 5 4 50
e 3 5 51
e 5 3 52
e 6 5 53
e 5 6 54
e 6 4 55
e 4 6 56
e 4 12 57
e 12 10 58
e 12 11 59
e 11 10 60
e 9 10 62
e 9 7 63
e 7 9 64
e 9 8 65
e 8 9 66
e 8 13 67
e 13 8 68
e 8 7 69
e 7 8 70
e 7 6 71
e 6 7 72
e 6 12 73
e 12 7 74
e 7 12 75
e 1 2 76
e 2 1 77